000000001000000041
000000001000000042
000000001000000043
000000001000000044
000000001000000045
000000001000000046
000000001000000047
000000001000000048
000000001000000049
000000001000000050
000000001000000051
000000001000000052
000000001000000053
000000001000000054
000000001000000055
000000001000000056
000000001000000057
000000001000000058
000000001000000059
000000001000000060
000000001000000061
000000001000000062
000000001000000063
000000001000000064
000000001000000065
000000001000000066
000000001000000067
000000001000000068
000000001000000069
000000001000000070
000000001000000071
000000001000000072
000000001000000073
000000001000000074
000000001000000075
000000001000000076
000000001000000077
000000001000000078
000000001000000079
000000001000000080